00000000000010100100000000000011000000000000010100
10000000000000000000000010000000000001010010000000
00000010000000000001010010000000000000000100000000
00001010010000000000000010000000000001010010000000
00000000001000000000000101001001000000000000101001
00000000000000100000000000010100100000000000000000
00000000010000000000001010010000000000000000000100
00000000001010010000000000000000000000010000000000
00101001000000000000010000000000001010010000000000
00000000010000000000001010010001000000000000101001
00000000000000000000000010000000000001010010000000
00000000000000000001000000000000101100000000000010
10010000000000000000010000000000001010010000000000
00001000000000000101001000000000000000000000001000
00000000010100100000000000010000000000001010010000
1